750
28
1
387
3
880
4
34
5
283
7
22
9
139
11
606
13
43
14
135
16
33
17
446
19
860
21
370
23
100
24
111
25
39
29
70
35
211
38
251
41
276
42
75
45
688
48
149
50
87
56
197
60
140
62
439
63
396
73
112
74
713
77
286
78
450
81
154
83
92
89
281
90
106
98
148
103
258
107
820
109
293
110
179
113
235
120
136
121
141
122
550
125
217
127
176
132
178
142
247
145
272
159
515
164
296
166
208
167
746
170
704
174
560
177
254
181
672
184
491
186
301
187
391
189
275
192
309
193
467
194
436
196
889
201
468
202
328
203
374
205
298
209
245
210
851
212
222
213
300
216
260
219
480
220
815
225
677
228
232
229
497
230
358
233
819
239
565
240
329
241
267
255
311
261
292
265
420
268
682
274
361
277
299
278
719
279
303
282
597
284
508
287
488
294
348
302
613
305
317
308
520
312
899
313
725
314
332
315
334
316
656
319
913
320
914
323
441
325
340
326
430
333
378
342
377
346
663
347
479
349
357
351
584
352
356
354
411
360
364
362
706
367
400
369
854
379
809
380
848
381
507
389
605
393
623
397
546
404
451
406
425
412
596
416
754
421
756
423
648
429
556
431
504
433
845
435
724
440
906
442
477
448
702
453
900
456
803
457
654
460
707
462
905
463
732
472
787
473
935
483
629
485
690
486
514
489
551
493
532
499
530
500
830
502
602
505
539
506
557
509
831
516
822
519
604
526
559
531
728
533
567
536
647
538
611
540
777
541
712
549
650
554
561
555
645
569
951
570
807
574
802
575
588
576
850
591
614
592
975
593
627
594
970
610
755
616
678
621
893
626
779
638
642
639
652
640
992
641
812
644
766
646
734
649
671
655
667
658
865
669
729
679
742
680
692
687
694
691
727
693
886
708
736
718
859
722
969
723
741
730
772
733
747
738
867
739
878
743
757
745
775
748
998
761
955
764
785
767
780
768
933
771
804
776
790
778
821
784
839
786
823
791
855
792
877
799
827
811
836
826
843
829
869
842
852
844
964
849
887
863
997
864
875
870
917
874
890
888
921
895
936
896
908
907
954
922
972
923
939
924
931
925
986
926
966
938
944
942
959
948
994
950
971
962
976
963
983
978
989
987
131 0
71 2
124 6
894 8
846 10
80 12
114 15
437 18
162 20
386 26
553 27
93 30
67 31
156 32
47 36
57 37
91 40
105 44
428 46
327 49
94 51
383 52
54 53
128 55
66 58
143 59
234 61
466 64
95 65
634 68
185 69
138 72
495 76
84 79
182 82
350 85
295 86
263 88
758 96
353 97
231 99
525 101
503 102
916 104
947 108
475 115
218 116
134 117
183 118
793 119
806 123
266 126
330 129
800 130
410 133
270 137
835 144
242 146
157 147
224 150
173 151
600 152
344 153
686 155
608 158
769 160
195 161
478 163
264 165
338 168
974 169
198 171
226 172
191 175
398 180
534 188
445 190
355 199
262 200
995 204
214 206
461 207
720 215
573 221
919 223
405 227
409 236
444 237
563 238
256 243
373 244
335 246
337 248
289 249
501 250
336 252
512 253
773 257
297 259
384 269
789 271
417 273
290 280
518 285
454 288
310 291
394 304
324 306
424 307
521 318
345 321
363 322
366 331
511 339
661 341
432 343
813 359
977 365
376 368
759 371
721 372
470 375
664 382
469 385
794 388
529 390
407 392
673 395
545 399
817 401
447 402
699 403
492 408
751 413
438 414
481 415
749 418
474 419
544 422
434 426
449 427
705 443
726 452
622 455
873 458
841 459
522 464
657 465
543 471
527 476
494 482
619 484
847 487
697 490
603 496
510 498
524 513
651 517
558 523
624 528
668 535
703 537
941 542
879 547
586 548
572 552
717 562
999 564
681 566
578 568
579 571
601 577
598 580
795 581
930 582
662 583
818 585
696 587
612 589
595 590
628 599
630 607
832 609
617 615
635 618
665 620
801 625
632 631
910 633
637 636
675 643
885 653
752 659
666 660
912 670
676 674
788 683
965 684
883 685
695 689
700 698
982 701
710 709
958 711
993 714
774 715
765 716
762 731
840 735
763 737
770 740
797 744
783 750
996 753
816 760
824 781
810 782
957 796
892 798
833 805
956 808
837 814
871 825
961 828
838 834
861 853
991 856
866 857
881 858
937 862
903 868
884 872
932 876
918 882
915 891
928 897
901 898
945 902
909 904
927 911
943 920
960 929
949 934
946 940
968 952
984 953
973 967
980 979
985 981
990 988